0 33 !
1 34 "
2 35 #
3 36 $
4 37 %
5 38 &
6 39 '
7 40 (
8 41 )
9 42 *
10 43 +
11 44 ,
12 45 -
13 46 .
14 47 /
15 48 0
16 49 1
17 50 2
18 51 3
19 52 4
20 53 5
21 54 6
22 55 7
23 56 8
24 57 9
25 58 :
26 59 ;
27 60 <
28 61 =
29 62 >
30 63 ?
31 64 @
32 65 A
33 66 B
34 67 C
35 68 D
36 69 E
37 70 F
38 71 G
39 72 H
40 73 I
41 74 J
42 75 K
43 76 L
44 77 M
45 78 N
46 79 O
47 80 P
48 81 Q
49 82 R
50 83 S
51 84 T
52 85 U
53 86 V
54 87 W
55 88 X
56 89 Y
57 90 Z
58 91 [
59 92 \
60 93 ]
61 94 ^
62 95 _
63 96 `
64 97 a
65 98 b
66 99 c
67 100 d
68 101 e
69 102 f
70 103 g
71 104 h
72 105 i
73 106 j
74 107 k
75 108 l
76 109 m
77 110 n
78 111 o
79 112 p
80 113 q
81 114 r
82 115 s
83 116 t
84 117 u
85 118 v
86 119 w
87 120 x
88 121 y
89 122 z
90 123 {
91 124 |
92 125 }
93 126 ~
